0 0.804035 0.370436 0.094623 0.03863175
0 0.864086 0.25126925 0.059897 0.048915
0 0.302952 0.28850075 0.078379 0.03869475
0 0.537781 0.23473550000000004 0.083648 0.0471255
0 0.392814 0.24339575 0.056113 0.06820275
0 0.672069 0.25394675 0.072811 0.0627825
0 0.179205 0.32702 0.122855 0.10375874999999998
0 0.322654 0.353924 0.12737 0.11737950000000001
0 0.427447 0.29977925 0.086575 0.09820425
0 0.603933 0.31827649999999996 0.117535 0.1095225
0 0.747475 0.44162225 0.166024 0.152889
0 0.506392 0.39221375 0.131417 0.12641924999999998
