0 0.420606 0.30458375000000004 0.122729 0.12335700000000001
0 0.78932 0.1718135 0.103298 0.08908125
0 0.929833 0.24725225 0.125423 0.11082675000000002
0 0.571079 0.23278024999999997 0.10109 0.10236825000000001
0 0.954253 0.42116299999999995 0.091426 0.16733925
0 0.666591 0.288644 0.115814 0.12865875
0 0.051035 0.41422849999999994 0.101863 0.14699025
0 0.211236 0.23861150000000003 0.106589 0.097353
0 0.767335 0.38884625 0.159489 0.1500705
0 0.464877 0.44189449999999997 0.172922 0.1664865
0 0.414823 0.6544684999999999 0.245546 0.2497785
