0 0.182939 0.31762175 0.12629 0.10827899999999999
0 0.293872 0.26427575000000003 0.091886 0.06767474999999999
0 0.855352 0.14569325 0.068603 0.04130025
0 0.976419 0.14840150000000002 0.047162 0.046803
0 0.697497 0.14839549999999999 0.058144 0.046791
0 0.758382 0.150725 0.065102 0.051449999999999996
0 0.430812 0.26801675 0.094043 0.09131399999999999
0 0.326618 0.33652775 0.117185 0.1119165
0 0.604664 0.28093025000000005 0.104379 0.11178600000000001
0 0.480273 0.35799125000000004 0.145834 0.13738725000000002
0 0.848994 0.30327725 0.115185 0.11875500000000001
0 0.766789 0.400856 0.170045 0.15374025
