0 0.789993 0.23428775000000002 0.119495 0.10519049999999999
0 0.939438 0.40349225000000005 0.121124 0.14773575
0 0.464139 0.16079 0.08806 0.0714615
0 0.973116 0.30054949999999997 0.053768 0.07681574999999999
0 0.623596 0.195773 0.087382 0.0891285
0 0.36149 0.21232250000000003 0.133445 0.1271745
0 0.904071 0.5991117499999999 0.191828 0.24338924999999997
0 0.190822 0.24217399999999997 0.157668 0.14327700000000002
0 0.555653 0.26859124999999995 0.125663 0.125967
0 0.748984 0.3321155 0.130508 0.138726
0 0.615515 0.43090175 0.171864 0.16710675000000003
