0 0.676641 0.34724525 0.084375 0.0941715
0 0.846096 0.33532775 0.034011 0.06099374999999999
0 0.052701 0.46925150000000004 0.105273 0.09006299999999999
0 0.276567 0.38203475 0.116488 0.10493625
0 0.885108 0.42208100000000004 0.137837 0.12065324999999998
0 0.501193 0.39629075 0.115119 0.11517899999999999
0 0.383865 0.49158799999999997 0.150717 0.13900875000000001
0 0.6399 0.45838025 0.157286 0.1372725
0 0.794377 0.6598152500000001 0.262001 0.238341
0 0.21015 0.7418165 0.267754 0.26613675000000003
