0 0.471207 0.31000325 0.147287 0.08106450000000001
0 0.340567 0.20905475 0.051749 0.07861575
0 0.080296 0.25264925 0.096313 0.09054074999999999
0 0.286126 0.28321775000000005 0.125604 0.11523449999999999
0 0.202017 0.35879300000000003 0.117964 0.13326749999999998
0 0.39307 0.23916500000000002 0.086732 0.090303
0 0.694801 0.22598675 0.103316 0.09422625
0 0.586777 0.26056025 0.113891 0.10658399999999998
0 0.920772 0.37629575000000004 0.158207 0.14738774999999998
0 0.076736 0.53123825 0.153472 0.2268465
0 0.571663 0.5960989999999999 0.238111 0.2379555
