0 0.243723 0.34107125 0.047735 0.04997625
0 0.026395 0.37708400000000003 0.052665 0.1228785
0 0.647876 0.17174899999999999 0.087049 0.08765175
0 0.39155 0.22281650000000003 0.088405 0.087273
0 0.333588 0.27467375 0.092081 0.10088475
0 0.11436 0.28124150000000003 0.108494 0.09291825000000001
0 0.573549 0.21808175 0.094248 0.09793349999999999
0 0.260047 0.51968075 0.195506 0.18352275
0 0.891643 0.2775515 0.130993 0.11619375000000001
0 0.516101 0.3040625 0.122478 0.12361274999999998
0 0.709436 0.48467525 0.179867 0.17357925000000002
