0 0.488543 0.2128085 0.061929 0.06300449999999999
0 0.197609 0.22966025 0.088735 0.07761525
0 0.893457 0.16872499999999999 0.06522 0.066537
0 0.297539 0.1805195 0.05588 0.06497625
0 0.322508 0.26141074999999997 0.080947 0.12182699999999999
0 0.056663 0.31570925 0.113257 0.13371975
0 0.643147 0.19095575 0.094233 0.09725475000000001
0 0.553634 0.27359374999999997 0.146189 0.145398
0 0.193824 0.34149725000000003 0.181695 0.15894675
0 0.419162 0.38742425 0.178323 0.17662125
0 0.75368 0.45227825 0.240588 0.226044
