0 0.357116 0.21269 0.082068 0.0660285
0 0.299284 0.29304949999999996 0.09397 0.07266975
0 0.014608 0.46342250000000007 0.029183 0.11365875
0 0.519128 0.21961025000000003 0.06417 0.07581825
0 0.090026 0.3235475 0.127336 0.10547999999999999
0 0.715977 0.2598785 0.097587 0.090882
0 0.457557 0.2883755 0.104905 0.10302525
0 0.326901 0.37790675 0.134557 0.1289805
0 0.575206 0.395885 0.146211 0.1442385
0 0.808705 0.4566117500000001 0.182818 0.16811174999999998
0 0.185455 0.6481895000000001 0.217967 0.2125065
