0 0.9822 0.4420505 0.035449 0.14034825
0 0.487315 0.15164225 0.079128 0.0532455
0 0.61739 0.220868 0.056125 0.08003249999999999
0 0.732584 0.28377725 0.071391 0.06251175
0 0.955318 0.2076635 0.060771 0.06393299999999999
0 0.4234 0.18375124999999998 0.106077 0.11051250000000001
0 0.655224 0.17838574999999998 0.07699 0.09006600000000001
0 0.318954 0.24689825 0.132441 0.12653925000000002
0 0.944742 0.296225 0.110446 0.12898199999999999
0 0.792693 0.3719525 0.162348 0.14868675
0 0.56012 0.31862375 0.152086 0.144195
