0 0.407699 0.25235525000000003 0.044043 0.05160825
0 0.13389 0.33989225 0.136164 0.075861
0 0.536844 0.25869274999999997 0.109577 0.07575375
0 0.366215 0.34222175000000005 0.122227 0.13664475
0 0.231917 0.29139725 0.114628 0.11010899999999998
0 0.878611 0.32367124999999997 0.13563 0.12572624999999998
0 0.212677 0.4631360000000001 0.1937 0.182763
0 0.698326 0.25578875 0.121362 0.09405825
0 0.459637 0.43817000000000006 0.162186 0.158697
0 0.619352 0.32918149999999996 0.135451 0.13656375
0 0.750399 0.44069975 0.187207 0.1688265
