0 0.662028 0.27527675 0.085301 0.08444775
0 0.329405 0.3447575 0.069963 0.09446775
0 0.454527 0.197744 0.044578 0.05076299999999999
0 0.602136 0.168494 0.053778 0.049901999999999995
0 0.399345 0.20415725 0.055058 0.049781250000000006
0 0.815718 0.24783049999999998 0.081163 0.07656375
0 0.40575 0.3973865 0.139036 0.1305165
0 0.51871 0.18284975 0.056032 0.051207
0 0.507222 0.30275825 0.096266 0.0952755
0 0.760336 0.32084675 0.124781 0.108822
0 0.600143 0.35531375 0.116279 0.1081065
0 0.936625 0.285464 0.110451 0.09185249999999999
