0 0.644471 0.2687315 0.08284 0.07611225
0 0.486553 0.2446445 0.084181 0.08018775
0 0.009957 0.41906224999999997 0.019903 0.09146774999999999
0 0.380732 0.31916075 0.055906 0.08944949999999999
0 0.505717 0.326615 0.118064 0.082869
0 0.821092 0.3663215 0.130129 0.116214
0 0.170903 0.308834 0.115712 0.09794175000000001
0 0.659407 0.39253625 0.128093 0.12225975
0 0.292271 0.4152665 0.144069 0.13491825
0 0.496714 0.5030967500000001 0.173769 0.17276175
0 0.683451 0.6685002499999999 0.242164 0.24588000000000002
