0 0.461445 0.14058425 0.07081 0.03116775
0 0.753295 0.19976 0.072173 0.09891075
0 0.590515 0.16302275 0.089812 0.07604625000000001
0 0.363942 0.16901375000000002 0.109389 0.087981
0 0.931014 0.2590985 0.117278 0.09471450000000001
0 0.169217 0.31505375 0.167276 0.16823925
0 0.866436 0.32860025 0.163703 0.14356575
0 0.675257 0.25848725 0.119555 0.11674049999999998
0 0.886406 0.53100575 0.226415 0.22133849999999997
0 0.255174 0.4770365 0.213908 0.19785149999999999
0 0.575651 0.47046425000000003 0.184069 0.18692550000000002
