0 0.253812 0.21008899999999997 0.052335 0.042981
0 0.521022 0.15712475 0.085321 0.04348725
0 0.856053 0.184844 0.063371 0.06556425
0 0.365757 0.166805 0.064004 0.07366725
0 0.402572 0.22561324999999996 0.091554 0.10551225
0 0.65883 0.19188875 0.077471 0.090624
0 0.291716 0.28099474999999996 0.135676 0.12573825
0 0.140569 0.25322675 0.131581 0.11022749999999999
0 0.806796 0.26381449999999995 0.132885 0.11970224999999998
0 0.591962 0.24516575000000002 0.119217 0.11752199999999999
0 0.486096 0.32220424999999997 0.137637 0.13365074999999998
