0 0.641883 0.25606025 0.08531 0.070704
0 0.521139 0.204533 0.040418 0.071754
0 0.378681 0.14756225 0.059468 0.04509225
0 0.541263 0.16474325 0.071278 0.079473
0 0.962372 0.579674 0.075196 0.201417
0 0.829397 0.16729175000000002 0.063755 0.05880824999999999
0 0.310447 0.18109999999999998 0.108205 0.11152950000000002
0 0.8467 0.25319075 0.134448 0.12093899999999999
0 0.473795 0.30748775 0.151406 0.143796
0 0.705987 0.34148075 0.145197 0.14018550000000002
0 0.211745 0.25313749999999996 0.140652 0.13099875
0 0.934002 0.38297525 0.131995 0.1591665
