0 0.130855 0.382934 0.105397 0.044367000000000004
0 0.493598 0.2101175 0.064117 0.0381735
0 0.330509 0.29908999999999997 0.046769 0.0698415
0 0.166011 0.52417775 0.177479 0.15970499999999999
0 0.503543 0.257753 0.080667 0.07446149999999999
0 0.241284 0.30038299999999996 0.089623 0.080568
0 0.382341 0.34915625 0.1062 0.09807975
0 0.772462 0.23550125 0.082213 0.07711425
0 0.584388 0.31009775 0.104613 0.100983
0 0.897001 0.34286975000000003 0.126534 0.111882
0 0.479433 0.39694025 0.114069 0.11040449999999999
0 0.706853 0.45957725000000005 0.161585 0.153588
