0 0.689236 0.24310099999999996 0.092051 0.0655245
0 0.878368 0.20774075 0.057074 0.069414
0 0.686725 0.31723025 0.130897 0.11524050000000001
0 0.563151 0.1657535 0.074315 0.08139825
0 0.493864 0.225245 0.115358 0.10448474999999999
0 0.899456 0.2979485 0.140445 0.12085425000000001
0 0.437317 0.29760200000000003 0.128688 0.1395225
0 0.711262 0.46993549999999995 0.200295 0.18897150000000001
0 0.309191 0.42248 0.208159 0.19613849999999997
0 0.050272 0.34243925 0.100358 0.166278
0 0.979066 0.60932975 0.041868 0.14221575000000003
