0 0.199614 0.31080575 0.160653 0.13412025
0 0.315759 0.42067250000000006 0.199456 0.21634575000000003
0 0.968334 0.17956175000000002 0.063013 0.0910755
0 0.463368 0.18583924999999998 0.123823 0.0617445
0 0.913433 0.38958575 0.172918 0.21368175000000003
0 0.64616 0.181931 0.123429 0.0864075
0 0.46571 0.2847875 0.131031 0.1500975
0 0.306943 0.22937075 0.120533 0.12646125
0 0.75923 0.26493875 0.16374 0.16037474999999998
0 0.840512 0.19492475 0.133222 0.13008075000000002
0 0.597548 0.393194 0.193857 0.18651449999999997
