0 0.718098 0.32450150000000005 0.107394 0.092769
0 0.37289 0.248447 0.069295 0.07219800000000001
0 0.478152 0.18834575 0.083316 0.08221575
0 0.632776 0.22310449999999998 0.067346 0.0830445
0 0.168869 0.23859650000000002 0.116678 0.10684425
0 0.838159 0.31499375 0.119602 0.1071345
0 0.549423 0.283805 0.116486 0.10892249999999999
0 0.376258 0.35160125 0.143984 0.1392015
0 0.022096 0.35247725 0.044118 0.12877124999999998
0 0.631632 0.4364 0.159669 0.161253
0 0.865486 0.5723075 0.228208 0.20904375000000003
0 0.107863 0.6205339999999999 0.215409 0.22761675
