0 0.98088 0.69784325 0.038146 0.1341525
0 0.922277 0.28476125 0.105619 0.06652575000000001
0 0.434255 0.20140475000000002 0.084657 0.052895250000000005
0 0.585221 0.513185 0.146086 0.1339305
0 0.709895 0.22603850000000003 0.078112 0.08306025
0 0.872759 0.38920325 0.107186 0.11836799999999999
0 0.222266 0.375467 0.146985 0.13680599999999998
0 0.44066 0.36743899999999996 0.127821 0.1323435
0 0.64508 0.31725125 0.114841 0.09827175
0 0.768451 0.45731825 0.157182 0.14633924999999998
0 0.577048 0.68549375 0.185828 0.1934445
