0 0.513323 0.200327 0.045973 0.05723925
0 0.900613 0.34295449999999994 0.0838 0.049209750000000003
0 0.566213 0.22453250000000002 0.076938 0.03885
0 0.469054 0.23636600000000002 0.083446 0.0725805
0 0.343075 0.20547949999999998 0.079159 0.08481225
0 0.707376 0.33635824999999997 0.102246 0.09039074999999999
0 0.910771 0.39818450000000005 0.130608 0.10727024999999998
0 0.558163 0.27910175000000004 0.076783 0.09559575
0 0.410508 0.29913875 0.115501 0.114195
0 0.619631 0.39759724999999996 0.15171 0.14327700000000002
