0 0.631207 0.3238925 0.074947 0.13796475000000002
0 0.489638 0.297269 0.058882 0.12517275
0 0.516827 0.21304325 0.088056 0.110289
0 0.30428 0.1771625 0.121525 0.10432575
0 0.225437 0.258317 0.152065 0.14943299999999998
0 0.873599 0.23178875000000004 0.112605 0.10449225
0 0.907139 0.3371015 0.159439 0.14915925000000002
0 0.091786 0.384485 0.183573 0.177882
0 0.747977 0.49178825000000004 0.198358 0.19266075000000002
0 0.434799 0.4536185 0.207404 0.1942425
0 0.975317 0.53888525 0.049366 0.17117849999999998
