0 0.017462 0.31855775 0.034924 0.15575624999999998
0 0.831505 0.28131500000000004 0.104292 0.09590924999999999
0 0.246496 0.1704875 0.1138 0.090975
0 0.439781 0.20397500000000002 0.089146 0.10414050000000001
0 0.84683 0.40569349999999993 0.188451 0.1770075
0 0.86676 0.63434 0.266342 0.26314875
0 0.1334 0.254396 0.168393 0.150705
0 0.611126 0.35347775000000003 0.108512 0.1348245
0 0.3776 0.29937050000000004 0.148117 0.145206
0 0.48354 0.49880599999999997 0.196535 0.17694825
0 0.614739 0.20429075000000002 0.134328 0.06903000000000001
