0 0.763737 0.15370775 0.088055 0.057415499999999994
0 0.403411 0.27043775000000003 0.116502 0.12000300000000001
0 0.444429 0.39397925 0.166368 0.15648
0 0.547618 0.20629325 0.098465 0.09881775000000001
0 0.892142 0.21785899999999997 0.11868 0.10533000000000001
0 0.193621 0.21330575000000002 0.104311 0.09431325
0 0.640535 0.256028 0.112933 0.1222275
0 0.044108 0.3742445 0.088152 0.143502
0 0.934567 0.37151675 0.130758 0.1558995
0 0.734491 0.34415975 0.150493 0.14381925
0 0.398575 0.57993725 0.233193 0.23387924999999998
