0 0.05544 0.22308050000000001 0.110238 0.11290800000000001
0 0.277723 0.20126075000000002 0.071582 0.059958750000000005
0 0.333226 0.18989899999999998 0.101125 0.10937100000000002
0 0.039781 0.3042245 0.079563 0.15511950000000002
0 0.879582 0.27389450000000004 0.144073 0.145932
0 0.508891 0.20703575000000002 0.102218 0.12576825
0 0.485698 0.28073375 0.101778 0.15443175
0 0.643796 0.24292100000000003 0.131411 0.141711
0 0.155956 0.33954724999999997 0.186933 0.16253250000000002
0 0.757225 0.348833 0.190002 0.17365124999999998
0 0.374896 0.41990225 0.221857 0.21020925
