0 0.692329 0.272642 0.106365 0.09588075
0 0.973194 0.32883275 0.053612 0.049222499999999995
0 0.518303 0.18910925 0.073264 0.07289625000000001
0 0.297231 0.27289700000000006 0.078206 0.08885775
0 0.563976 0.2264345 0.086813 0.085338
0 0.419803 0.2696015 0.089333 0.08927399999999999
0 0.814153 0.20361875000000002 0.080036 0.07482375
0 0.505171 0.3167585 0.114879 0.11375550000000001
0 0.928613 0.4155162499999999 0.142725 0.15143924999999997
0 0.258392 0.40340974999999996 0.134219 0.12770775
0 0.657057 0.3647525 0.122509 0.11738699999999999
0 0.418496 0.5177765 0.177877 0.1792965
