0 0.564891 0.25517675 0.046982 0.05181374999999999
0 0.654601 0.330782 0.121045 0.0646545
0 0.644219 0.21035750000000003 0.088651 0.047300999999999996
0 0.742585 0.3009455 0.111338 0.11080725
0 0.325667 0.22332950000000001 0.078441 0.07180425
0 0.404695 0.33211775 0.110872 0.11880074999999998
0 0.475386 0.4113732499999999 0.124484 0.13977525
0 0.901759 0.35634124999999994 0.134997 0.13540125
0 0.591756 0.5035302500000001 0.171021 0.16601024999999997
0 0.835355 0.47448499999999993 0.17907 0.167133
