0 0.458419 0.25181825 0.110227 0.11659875
0 0.324237 0.1622555 0.092071 0.07451175000000002
0 0.668612 0.2822585 0.136937 0.13768275
0 0.242341 0.21869449999999996 0.127583 0.13413
0 0.038212 0.48701524999999996 0.076345 0.22942875
0 0.716588 0.394268 0.161435 0.1178835
0 0.943062 0.46674875 0.113876 0.19201574999999999
0 0.161833 0.35954 0.204983 0.1859985
0 0.470187 0.38930375 0.166887 0.16581375
0 0.716643 0.6294215000000001 0.236804 0.23768775
0 0.92336 0.33265025 0.152513 0.13326600000000002
