0 0.428576 0.1938245 0.048357 0.08381999999999999
0 0.370248 0.29380325 0.123177 0.118689
0 0.80989 0.25410725 0.124147 0.081054
0 0.172787 0.1828895 0.121757 0.11566799999999999
0 0.950875 0.44249974999999997 0.098135 0.184338
0 0.743813 0.18888425 0.106592 0.10507950000000002
0 0.136555 0.289826 0.148388 0.16180350000000002
0 0.586841 0.29864674999999996 0.124263 0.136965
0 0.073754 0.4487285 0.147458 0.20336624999999997
0 0.733602 0.44876375 0.181342 0.1743045
0 0.439562 0.46512575 0.206975 0.191007
