0 0.796522 0.21769325 0.064431 0.08825775
0 0.224548 0.20815025 0.142209 0.13004175
0 0.378586 0.184763 0.121958 0.11699249999999999
0 0.949147 0.258023 0.053569 0.053809499999999996
0 0.889249 0.344255 0.081411 0.11645325
0 0.471689 0.15026375 0.08021 0.050507250000000004
0 0.620034 0.164144 0.083986 0.06215550000000001
0 0.540846 0.23598650000000002 0.084391 0.11664224999999999
0 0.887035 0.50547275 0.225413 0.20922975000000005
0 0.73045 0.29374025000000004 0.120438 0.12086025
0 0.607383 0.368705 0.153172 0.15067875
