0 0.37786 0.2171825 0.055906 0.10453799999999999
0 0.396782 0.5197160000000001 0.228996 0.21009375000000002
0 0.0734 0.32941925 0.146369 0.17775975
0 0.943827 0.46739825 0.111953 0.19486725000000002
0 0.32692 0.33388999999999996 0.148875 0.14803424999999998
0 0.101913 0.20412425 0.139448 0.1261365
0 0.711525 0.19777775 0.110665 0.1115715
0 0.776164 0.27397400000000005 0.14071 0.09864150000000001
0 0.038513 0.5158625 0.077026 0.2221785
0 0.553801 0.32207600000000003 0.137562 0.1457385
0 0.715595 0.4917245 0.191716 0.17686725
